RADNI_DAN:
Polasci iz SAMOBORA:
3.40 *3.50 4.20 4.40 5.00 5.15 5.20 5.30 5.45 6.00 6.15 6.30 6.45 7.00 7.30 7.45 8.00 8.20 8.40 9.00 9.20 9.50 10.10 10.30 11.00 11.20 11.40 12.00 12.20 12.40 12.45 13.00 13.15 13.30 13.45 14.00 14.20 14.40 14.45 15.00 15.20 15.35 15.40 16.00 16.20 16.35 17.00 17.20 17.40 18.00 18.20 18.40 19.00 19.20 19.40 20.00 20.15 20.30 21.05 21.30 22.20 23.00 23.40
Polasci iz BREGANE:
4.00 4.30 4.50 5.10 5.25 5.45 6.00 6.15 6.30 6.45 7.00 7.15 7.30 7.45 8.00 8.20 8.50 9.05 9.20 9.40 10.10 10.45 11.00 11.20 11.40 12.00 12.20 12.35 13.00 13.15 13.30 13.45 14.00 14.20 14.35 15.00 15.15 15.35 16.00 16.20 16.50 17.20 17.40 18.00 18.20 18.40 19.00 19.20 19.45 20.00 20.15 20.30 21.20 21.30 22.00 22.45 23.15 23.50
NAPOMENA:
* vozi ulicom Grada Wirgesa
SUBOTA:
Polasci iz SAMOBORA:
3.40 *3.55 4.20 4.45 5.00 5.30 5.45 5.50 6.00 6.15 6.30 6.45 7.00 7.15 7.30 7.45 8.15 8.45 9.15 9.45 10.00 10.15 10.45 11.15 11.45 12.00 12.20 12.40 12.50 13.15 13.30 14.00 14.15 14.30 14.50 15.00 15.30 15.35 16.00 16.30 17.00 17.40 18.20 19.00 19.40 20.20 21.15 22.15 23.15
Polasci iz BREGANE:
4.05 4.30 5.00 5.15 5.30 5.45 6.00 6.15 6.30 6.45 7.00 7.15 7.30 7.45 8.00 8.30 9.00 9.30 10.00 10.30 11.00 11.30 12.00 12.20 12.35 13.05 13.30 13.45 14.15 14.30 14.45 15.15 15.45 16.15 16.45 17.20 18.00 18.40 19.20 20.00 20.40 21.30 22.45 23.30
NAPOMENA:
* vozi ulicom Grada Wirgesa
NEDJELJA_BLAGDAN:
Polasci iz SAMOBORA:
*4.20 5.15 6.00 6.40 7.00 7.20 8.00 8.30 9.20 9.30 10.00 11.00 11.40 12.20 13.00 14.00 14.40 15.20 15.50 16.00 16.40 17.20 17.35 18.00 18.40 19.20 20.00 20.40 21.20 22.15 23.15
Polasci iz BREGANE:
4.30 5.30 6.20 7.00 7.40 8.15 8.45 9.15 9.40 10.20 10.40 11.20 12.00 12.40 13.40 14.20 15.00 15.40 16.20 17.00 17.40 18.20 19.00 19.40 20.20 21.00 21.40 22.40 23.30
NAPOMENA:
* vozi ulicom Grada Wirgesa
