RADNI_DAN:
Polasci iz SAMOBORA:
4.15 4.40 5.00 5.25 5.45 6.25 6.45 7.15 7.45 8.15 8.45 9.30 10.15 11.00 11.30 12.00 12.30 12.55 13.20 13.45 14.20 14.45 15.20 16.00 16.30 17.05 17.55 18.30 19.00 19.40 20.20 21.30 22.15
Polasci iz CRNOMERCA:
5.00 5.30 5.50 6.30 7.20 7.40 8.15 8.45 9.05 9.40 10.25 11.10 12.00 12.25 12.55 13.25 13.50 14.20 14.50 15.15 15.35 16.15 17.00 17.30 18.00 18.50 19.25 19.55 20.30 21.15 22.20 23.05
SUBOTA:
Polasci iz SAMOBORA:
4.15 4.55 5.25 5.50 6.15 6.35 6.55 7.20 7.45 8.30 9.30 10.30 11.30 12.30 13.20 14.30 15.30 16.30 17.30 18.30 19.30 20.30 21.20 22.15
Polasci iz CRNOMERCA:
4.55 5.35 6.05 6.35 7.00 7.30 8.00 8.30 8.50 9.30 10.30 11.30 12.30 13.20 14.25 15.30 16.30 17.30 18.30 19.30 20.30 21.20 22.10 23.00
NEDJELJA_BLAGDAN:
Polasci iz SAMOBORA:
*4.45 5.45 6.45 7.55 9.05 *10.15 11.25 *12.40 13.45 14.55 16.05 17.15 18.25 19.35 *20.45 *22.10
Polasci iz CRNOMERCA:
5.30 *6.40 7.50 9.05 10.15 11.20 *12.35 13.45 14.55 16.05 17.15 18.25 19.35 *20.45 22.00 *22.45
NAPOMENA:
* SAMOBOR - SV.NEDJELJA NOVAKI (VOJVODICEVOM) - NOVAKI (IGRALISTE) - RAKITJE - PODSUSED -- CRNOMEREC
