RADNI_DAN:
Polasci iz SAMOBORA:
4.15 4.50 5.10 5.30 5.45 6.00 6.15 6.30 6.45 7.00 7.15 7.35 8.05 8.30 9.00 9.30 10.00 10.30 11.00 11.30 12.00 12.25 12.50 13.10 13.25 13.40 14.00 14.15 14.30 14.50 15.00 15.40 16.00 16.30 17.00 17.30 18.00 18.30 18.55 19.15 19.40 20.10 20.50 21.15 21.35 22.20
Polasci iz CRNOMERCA:
5.00 5.30 5.50 6.15 6.30 6.45 7.05 7.20 7.40 7.50 8.00 8.15 8.55 9.15 9.45 10.15 10.45 11.15 11.45 12.15 12.45 13.15 13.35 14.00 14.15 14.30 14.50 15.05 15.25 15.40 16.10 16.30 16.50 17.15 17.45 18.15 18.45 19.10 19.35 20.05 20.30 20.55 21.35 22.00 22.20 23.00
SUBOTA:
Polasci iz SAMOBORA:
4.15 4.55 5.25 5.50 6.15 6.35 6.55 7.20 7.45 8.30 9.30 10.30 11.30 12.30 13.20 14.30 15.30 16.30 17.30 18.30 19.30 20.30 21.20 22.15
Polasci iz CRNOMERCA:
4.55 5.35 6.05 6.35 7.00 7.30 8.00 8.30 8.50 9.30 10.30 11.30 12.30 13.20 14.25 15.30 16.30 17.30 18.30 19.30 20.30 21.20 22.10 23.00
NEDJELJA_BLAGDAN:
Polasci iz SAMOBORA:
*4.45 5.45 6.45 7.55 9.05 *10.15 11.25 *12.40 13.45 14.55 16.05 17.15 18.25 19.35 *20.45 *22.10
Polasci iz CRNOMERCA:
5.30 *6.40 7.50 9.05 10.15 11.20 *12.35 13.45 14.55 16.05 17.15 18.25 19.35 *20.45 22.00 *22.45
NAPOMENA:
* SAMOBOR - SV.NEDJELJA NOVAKI (VOJVODICEVOM) - NOVAKI (IGRALISTE) - RAKITJE - PODSUSED - CRNOMEREC
