RADNI_DAN:
Polasci iz SAMOBORA:
4.20 4.40 5.00 5.15 5.30 5.45 6.00 6.10 6.30 6.45 7.05 7.30 7.50 8.15 8.45 9.15 9.45 10.15 10.45 11.15 11.45 12.00 12.25 12.50 13.10 13.30 13.55 14.20 14.45 15.05 15.25 15.40 16.15 16.45 17.05 17.45 18.15 18.40 19.00 19.20 19.50 20.30 21.00 21.40 22.20 22.50
Polasci iz CRNOMERCA:
5.00 5.20 5.45 6.05 6.25 6.45 7.00 7.20 7.40 8.00 8.20 8.40 9.00 9.30 10.00 10.30 11.00 11.30 12.00 12.25 12.45 13.10 13.35 14.00 14.20 14.40 15.05 15.30 15.55 16.15 16.35 17.00 17.30 17.55 18.30 19.00 19.30 19.45 20.15 20.50 21.30 22.10 22.30 23.00 23.30
SUBOTA:
Polasci iz SAMOBORA:
4.20 4.45 5.15 5.40 6.05 6.25 6.45 7.10 7.35 8.00 8.25 8.50 9.10 9.35 10.00 10.30 10 55 11.25 12.00 12.25 13.00 13.30 13.50 14.20 15.00 15.30 16.00 17.00 18.00 19.00 20.00 21.00 22.20
Polasci iz CRNOMERCA:
5.05 5.25 5.55 6.25 6.50 7.10 7.30 8.00 8.25 8.50 9.15 9.40 10.05 10.30 10.50 11.15 11.40 12.10 12.45 13.10 13.40 14.15 14.35 15.00 15.40 16.15 17.00 18.00 19.00 20.00 21.00 22.25 23.15
NEDJELJA_BLAGDAN:
Polasci iz SAMOBORA:
4.45 5.15 6.10 7.20 8.30 9.40 10.50 12.00 13.10 14.20 15.30 16.40 17.50 19.00 20.10 21.20 22.15
Polasci iz CRNOMERCA:
5.30 6.15 7.20 8.30 9.40 10.50 12.00 13.10 14.20 15.30 16.40 17.50 19.00 20.10 21.15 22.20 23.00
